{
  "metadata": {
    "generated_at": "2025-12-23T15:15:09.877409",
    "num_seams": 4,
    "total_poses": 80,
    "input_file": "/home/berkan/ros2_yaskawa/src/hold_and_weld/hold_and_weld_planning/config/weld_config.yaml",
    "joint_type": "t_joint",
    "work_angle_deg": 45.0,
    "travel_angle_deg": 5.0,
    "gap_mm": 25.0
  },
  "seams": {
    "seam_0": {
      "start": [
        1.075,
        -0.625,
        0.8
      ],
      "end": [
        1.075,
        -0.325,
        0.8
      ],
      "length_m": 0.3,
      "poses": [
        {
          "index": 0,
          "position": [
            1.0926776695296636,
            -0.625,
            0.8176776695296637
          ],
          "quaternion": [
            -0.24184476264797533,
            -0.2988362387301199,
            0.6644630243886747,
            0.6408563820557887
          ],
          "matrix": [
            [
              -0.06162841671621936,
              -0.7071067811865476,
              -0.7044160264027588,
              1.0926776695296636
            ],
            [
              0.9961946980917457,
              -1.1184371692168924e-18,
              -0.08715574274765818,
              -0.625
            ],
            [
              0.06162841671621935,
              -0.7071067811865477,
              0.7044160264027587,
              0.8176776695296637
            ],
            [
              0.0,
              0.0,
              0.0,
              1.0
            ]
          ]
        },
        {
          "index": 1,
          "position": [
            1.0926776695296636,
            -0.6092105263157894,
            0.8176776695296637
          ],
          "quaternion": [
            -0.24184476264797533,
            -0.2988362387301199,
            0.6644630243886747,
            0.6408563820557887
          ],
          "matrix": [
            [
              -0.06162841671621936,
              -0.7071067811865476,
              -0.7044160264027588,
              1.0926776695296636
            ],
            [
              0.9961946980917457,
              -1.1184371692168924e-18,
              -0.08715574274765818,
              -0.6092105263157894
            ],
            [
              0.06162841671621935,
              -0.7071067811865477,
              0.7044160264027587,
              0.8176776695296637
            ],
            [
              0.0,
              0.0,
              0.0,
              1.0
            ]
          ]
        },
        {
          "index": 2,
          "position": [
            1.0926776695296636,
            -0.593421052631579,
            0.8176776695296637
          ],
          "quaternion": [
            -0.24184476264797533,
            -0.2988362387301199,
            0.6644630243886747,
            0.6408563820557887
          ],
          "matrix": [
            [
              -0.06162841671621936,
              -0.7071067811865476,
              -0.7044160264027588,
              1.0926776695296636
            ],
            [
              0.9961946980917457,
              -1.1184371692168924e-18,
              -0.08715574274765818,
              -0.593421052631579
            ],
            [
              0.06162841671621935,
              -0.7071067811865477,
              0.7044160264027587,
              0.8176776695296637
            ],
            [
              0.0,
              0.0,
              0.0,
              1.0
            ]
          ]
        },
        {
          "index": 3,
          "position": [
            1.0926776695296636,
            -0.5776315789473684,
            0.8176776695296637
          ],
          "quaternion": [
            -0.24184476264797533,
            -0.2988362387301199,
            0.6644630243886747,
            0.6408563820557887
          ],
          "matrix": [
            [
              -0.06162841671621936,
              -0.7071067811865476,
              -0.7044160264027588,
              1.0926776695296636
            ],
            [
              0.9961946980917457,
              -1.1184371692168924e-18,
              -0.08715574274765818,
              -0.5776315789473684
            ],
            [
              0.06162841671621935,
              -0.7071067811865477,
              0.7044160264027587,
              0.8176776695296637
            ],
            [
              0.0,
              0.0,
              0.0,
              1.0
            ]
          ]
        },
        {
          "index": 4,
          "position": [
            1.0926776695296636,
            -0.5618421052631579,
            0.8176776695296637
          ],
          "quaternion": [
            -0.24184476264797533,
            -0.2988362387301199,
            0.6644630243886747,
            0.6408563820557887
          ],
          "matrix": [
            [
              -0.06162841671621936,
              -0.7071067811865476,
              -0.7044160264027588,
              1.0926776695296636
            ],
            [
              0.9961946980917457,
              -1.1184371692168924e-18,
              -0.08715574274765818,
              -0.5618421052631579
            ],
            [
              0.06162841671621935,
              -0.7071067811865477,
              0.7044160264027587,
              0.8176776695296637
            ],
            [
              0.0,
              0.0,
              0.0,
              1.0
            ]
          ]
        },
        {
          "index": 5,
          "position": [
            1.0926776695296636,
            -0.5460526315789473,
            0.8176776695296637
          ],
          "quaternion": [
            -0.24184476264797533,
            -0.2988362387301199,
            0.6644630243886747,
            0.6408563820557887
          ],
          "matrix": [
            [
              -0.06162841671621936,
              -0.7071067811865476,
              -0.7044160264027588,
              1.0926776695296636
            ],
            [
              0.9961946980917457,
              -1.1184371692168924e-18,
              -0.08715574274765818,
              -0.5460526315789473
            ],
            [
              0.06162841671621935,
              -0.7071067811865477,
              0.7044160264027587,
              0.8176776695296637
            ],
            [
              0.0,
              0.0,
              0.0,
              1.0
            ]
          ]
        },
        {
          "index": 6,
          "position": [
            1.0926776695296636,
            -0.5302631578947369,
            0.8176776695296637
          ],
          "quaternion": [
            -0.24184476264797533,
            -0.2988362387301199,
            0.6644630243886747,
            0.6408563820557887
          ],
          "matrix": [
            [
              -0.06162841671621936,
              -0.7071067811865476,
              -0.7044160264027588,
              1.0926776695296636
            ],
            [
              0.9961946980917457,
              -1.1184371692168924e-18,
              -0.08715574274765818,
              -0.5302631578947369
            ],
            [
              0.06162841671621935,
              -0.7071067811865477,
              0.7044160264027587,
              0.8176776695296637
            ],
            [
              0.0,
              0.0,
              0.0,
              1.0
            ]
          ]
        },
        {
          "index": 7,
          "position": [
            1.0926776695296636,
            -0.5144736842105263,
            0.8176776695296637
          ],
          "quaternion": [
            -0.24184476264797533,
            -0.2988362387301199,
            0.6644630243886747,
            0.6408563820557887
          ],
          "matrix": [
            [
              -0.06162841671621936,
              -0.7071067811865476,
              -0.7044160264027588,
              1.0926776695296636
            ],
            [
              0.9961946980917457,
              -1.1184371692168924e-18,
              -0.08715574274765818,
              -0.5144736842105263
            ],
            [
              0.06162841671621935,
              -0.7071067811865477,
              0.7044160264027587,
              0.8176776695296637
            ],
            [
              0.0,
              0.0,
              0.0,
              1.0
            ]
          ]
        },
        {
          "index": 8,
          "position": [
            1.0926776695296636,
            -0.49868421052631584,
            0.8176776695296637
          ],
          "quaternion": [
            -0.24184476264797533,
            -0.2988362387301199,
            0.6644630243886747,
            0.6408563820557887
          ],
          "matrix": [
            [
              -0.06162841671621936,
              -0.7071067811865476,
              -0.7044160264027588,
              1.0926776695296636
            ],
            [
              0.9961946980917457,
              -1.1184371692168924e-18,
              -0.08715574274765818,
              -0.49868421052631584
            ],
            [
              0.06162841671621935,
              -0.7071067811865477,
              0.7044160264027587,
              0.8176776695296637
            ],
            [
              0.0,
              0.0,
              0.0,
              1.0
            ]
          ]
        },
        {
          "index": 9,
          "position": [
            1.0926776695296636,
            -0.48289473684210527,
            0.8176776695296637
          ],
          "quaternion": [
            -0.24184476264797533,
            -0.2988362387301199,
            0.6644630243886747,
            0.6408563820557887
          ],
          "matrix": [
            [
              -0.06162841671621936,
              -0.7071067811865476,
              -0.7044160264027588,
              1.0926776695296636
            ],
            [
              0.9961946980917457,
              -1.1184371692168924e-18,
              -0.08715574274765818,
              -0.48289473684210527
            ],
            [
              0.06162841671621935,
              -0.7071067811865477,
              0.7044160264027587,
              0.8176776695296637
            ],
            [
              0.0,
              0.0,
              0.0,
              1.0
            ]
          ]
        },
        {
          "index": 10,
          "position": [
            1.0926776695296636,
            -0.46710526315789475,
            0.8176776695296637
          ],
          "quaternion": [
            -0.24184476264797533,
            -0.2988362387301199,
            0.6644630243886747,
            0.6408563820557887
          ],
          "matrix": [
            [
              -0.06162841671621936,
              -0.7071067811865476,
              -0.7044160264027588,
              1.0926776695296636
            ],
            [
              0.9961946980917457,
              -1.1184371692168924e-18,
              -0.08715574274765818,
              -0.46710526315789475
            ],
            [
              0.06162841671621935,
              -0.7071067811865477,
              0.7044160264027587,
              0.8176776695296637
            ],
            [
              0.0,
              0.0,
              0.0,
              1.0
            ]
          ]
        },
        {
          "index": 11,
          "position": [
            1.0926776695296636,
            -0.4513157894736842,
            0.8176776695296637
          ],
          "quaternion": [
            -0.24184476264797533,
            -0.2988362387301199,
            0.6644630243886747,
            0.6408563820557887
          ],
          "matrix": [
            [
              -0.06162841671621936,
              -0.7071067811865476,
              -0.7044160264027588,
              1.0926776695296636
            ],
            [
              0.9961946980917457,
              -1.1184371692168924e-18,
              -0.08715574274765818,
              -0.4513157894736842
            ],
            [
              0.06162841671621935,
              -0.7071067811865477,
              0.7044160264027587,
              0.8176776695296637
            ],
            [
              0.0,
              0.0,
              0.0,
              1.0
            ]
          ]
        },
        {
          "index": 12,
          "position": [
            1.0926776695296636,
            -0.4355263157894737,
            0.8176776695296637
          ],
          "quaternion": [
            -0.24184476264797533,
            -0.2988362387301199,
            0.6644630243886747,
            0.6408563820557887
          ],
          "matrix": [
            [
              -0.06162841671621936,
              -0.7071067811865476,
              -0.7044160264027588,
              1.0926776695296636
            ],
            [
              0.9961946980917457,
              -1.1184371692168924e-18,
              -0.08715574274765818,
              -0.4355263157894737
            ],
            [
              0.06162841671621935,
              -0.7071067811865477,
              0.7044160264027587,
              0.8176776695296637
            ],
            [
              0.0,
              0.0,
              0.0,
              1.0
            ]
          ]
        },
        {
          "index": 13,
          "position": [
            1.0926776695296636,
            -0.4197368421052632,
            0.8176776695296637
          ],
          "quaternion": [
            -0.24184476264797533,
            -0.2988362387301199,
            0.6644630243886747,
            0.6408563820557887
          ],
          "matrix": [
            [
              -0.06162841671621936,
              -0.7071067811865476,
              -0.7044160264027588,
              1.0926776695296636
            ],
            [
              0.9961946980917457,
              -1.1184371692168924e-18,
              -0.08715574274765818,
              -0.4197368421052632
            ],
            [
              0.06162841671621935,
              -0.7071067811865477,
              0.7044160264027587,
              0.8176776695296637
            ],
            [
              0.0,
              0.0,
              0.0,
              1.0
            ]
          ]
        },
        {
          "index": 14,
          "position": [
            1.0926776695296636,
            -0.4039473684210526,
            0.8176776695296637
          ],
          "quaternion": [
            -0.24184476264797533,
            -0.2988362387301199,
            0.6644630243886747,
            0.6408563820557887
          ],
          "matrix": [
            [
              -0.06162841671621936,
              -0.7071067811865476,
              -0.7044160264027588,
              1.0926776695296636
            ],
            [
              0.9961946980917457,
              -1.1184371692168924e-18,
              -0.08715574274765818,
              -0.4039473684210526
            ],
            [
              0.06162841671621935,
              -0.7071067811865477,
              0.7044160264027587,
              0.8176776695296637
            ],
            [
              0.0,
              0.0,
              0.0,
              1.0
            ]
          ]
        },
        {
          "index": 15,
          "position": [
            1.0926776695296636,
            -0.38815789473684215,
            0.8176776695296637
          ],
          "quaternion": [
            -0.24184476264797533,
            -0.2988362387301199,
            0.6644630243886747,
            0.6408563820557887
          ],
          "matrix": [
            [
              -0.06162841671621936,
              -0.7071067811865476,
              -0.7044160264027588,
              1.0926776695296636
            ],
            [
              0.9961946980917457,
              -1.1184371692168924e-18,
              -0.08715574274765818,
              -0.38815789473684215
            ],
            [
              0.06162841671621935,
              -0.7071067811865477,
              0.7044160264027587,
              0.8176776695296637
            ],
            [
              0.0,
              0.0,
              0.0,
              1.0
            ]
          ]
        },
        {
          "index": 16,
          "position": [
            1.0926776695296636,
            -0.3723684210526316,
            0.8176776695296637
          ],
          "quaternion": [
            -0.24184476264797533,
            -0.2988362387301199,
            0.6644630243886747,
            0.6408563820557887
          ],
          "matrix": [
            [
              -0.06162841671621936,
              -0.7071067811865476,
              -0.7044160264027588,
              1.0926776695296636
            ],
            [
              0.9961946980917457,
              -1.1184371692168924e-18,
              -0.08715574274765818,
              -0.3723684210526316
            ],
            [
              0.06162841671621935,
              -0.7071067811865477,
              0.7044160264027587,
              0.8176776695296637
            ],
            [
              0.0,
              0.0,
              0.0,
              1.0
            ]
          ]
        },
        {
          "index": 17,
          "position": [
            1.0926776695296636,
            -0.35657894736842105,
            0.8176776695296637
          ],
          "quaternion": [
            -0.24184476264797533,
            -0.2988362387301199,
            0.6644630243886747,
            0.6408563820557887
          ],
          "matrix": [
            [
              -0.06162841671621936,
              -0.7071067811865476,
              -0.7044160264027588,
              1.0926776695296636
            ],
            [
              0.9961946980917457,
              -1.1184371692168924e-18,
              -0.08715574274765818,
              -0.35657894736842105
            ],
            [
              0.06162841671621935,
              -0.7071067811865477,
              0.7044160264027587,
              0.8176776695296637
            ],
            [
              0.0,
              0.0,
              0.0,
              1.0
            ]
          ]
        },
        {
          "index": 18,
          "position": [
            1.0926776695296636,
            -0.34078947368421053,
            0.8176776695296637
          ],
          "quaternion": [
            -0.24184476264797533,
            -0.2988362387301199,
            0.6644630243886747,
            0.6408563820557887
          ],
          "matrix": [
            [
              -0.06162841671621936,
              -0.7071067811865476,
              -0.7044160264027588,
              1.0926776695296636
            ],
            [
              0.9961946980917457,
              -1.1184371692168924e-18,
              -0.08715574274765818,
              -0.34078947368421053
            ],
            [
              0.06162841671621935,
              -0.7071067811865477,
              0.7044160264027587,
              0.8176776695296637
            ],
            [
              0.0,
              0.0,
              0.0,
              1.0
            ]
          ]
        },
        {
          "index": 19,
          "position": [
            1.0926776695296636,
            -0.325,
            0.8176776695296637
          ],
          "quaternion": [
            -0.24184476264797533,
            -0.2988362387301199,
            0.6644630243886747,
            0.6408563820557887
          ],
          "matrix": [
            [
              -0.06162841671621936,
              -0.7071067811865476,
              -0.7044160264027588,
              1.0926776695296636
            ],
            [
              0.9961946980917457,
              -1.1184371692168924e-18,
              -0.08715574274765818,
              -0.325
            ],
            [
              0.06162841671621935,
              -0.7071067811865477,
              0.7044160264027587,
              0.8176776695296637
            ],
            [
              0.0,
              0.0,
              0.0,
              1.0
            ]
          ]
        }
      ],
      "num_poses": 20
    },
    "seam_1": {
      "start": [
        1.075,
        -0.325,
        0.8
      ],
      "end": [
        1.325,
        -0.325,
        0.8
      ],
      "length_m": 0.25,
      "poses": [
        {
          "index": 0,
          "position": [
            1.075,
            -0.3426776695296637,
            0.8176776695296637
          ],
          "quaternion": [
            -0.38231920253318413,
            -0.04029905920751534,
            0.01669241687462921,
            0.9230002039112792
          ],
          "matrix": [
            [
              0.9961946980917457,
              -1.1184371692168924e-18,
              -0.08715574274765818,
              1.075
            ],
            [
              0.06162841671621936,
              0.7071067811865476,
              0.7044160264027588,
              -0.3426776695296637
            ],
            [
              0.06162841671621935,
              -0.7071067811865477,
              0.7044160264027587,
              0.8176776695296637
            ],
            [
              0.0,
              0.0,
              0.0,
              1.0
            ]
          ]
        },
        {
          "index": 1,
          "position": [
            1.088157894736842,
            -0.3426776695296637,
            0.8176776695296637
          ],
          "quaternion": [
            -0.38231920253318413,
            -0.04029905920751534,
            0.01669241687462921,
            0.9230002039112792
          ],
          "matrix": [
            [
              0.9961946980917457,
              -1.1184371692168924e-18,
              -0.08715574274765818,
              1.088157894736842
            ],
            [
              0.06162841671621936,
              0.7071067811865476,
              0.7044160264027588,
              -0.3426776695296637
            ],
            [
              0.06162841671621935,
              -0.7071067811865477,
              0.7044160264027587,
              0.8176776695296637
            ],
            [
              0.0,
              0.0,
              0.0,
              1.0
            ]
          ]
        },
        {
          "index": 2,
          "position": [
            1.1013157894736842,
            -0.3426776695296637,
            0.8176776695296637
          ],
          "quaternion": [
            -0.38231920253318413,
            -0.04029905920751534,
            0.01669241687462921,
            0.9230002039112792
          ],
          "matrix": [
            [
              0.9961946980917457,
              -1.1184371692168924e-18,
              -0.08715574274765818,
              1.1013157894736842
            ],
            [
              0.06162841671621936,
              0.7071067811865476,
              0.7044160264027588,
              -0.3426776695296637
            ],
            [
              0.06162841671621935,
              -0.7071067811865477,
              0.7044160264027587,
              0.8176776695296637
            ],
            [
              0.0,
              0.0,
              0.0,
              1.0
            ]
          ]
        },
        {
          "index": 3,
          "position": [
            1.1144736842105263,
            -0.3426776695296637,
            0.8176776695296637
          ],
          "quaternion": [
            -0.38231920253318413,
            -0.04029905920751534,
            0.01669241687462921,
            0.9230002039112792
          ],
          "matrix": [
            [
              0.9961946980917457,
              -1.1184371692168924e-18,
              -0.08715574274765818,
              1.1144736842105263
            ],
            [
              0.06162841671621936,
              0.7071067811865476,
              0.7044160264027588,
              -0.3426776695296637
            ],
            [
              0.06162841671621935,
              -0.7071067811865477,
              0.7044160264027587,
              0.8176776695296637
            ],
            [
              0.0,
              0.0,
              0.0,
              1.0
            ]
          ]
        },
        {
          "index": 4,
          "position": [
            1.1276315789473683,
            -0.3426776695296637,
            0.8176776695296637
          ],
          "quaternion": [
            -0.38231920253318413,
            -0.04029905920751534,
            0.01669241687462921,
            0.9230002039112792
          ],
          "matrix": [
            [
              0.9961946980917457,
              -1.1184371692168924e-18,
              -0.08715574274765818,
              1.1276315789473683
            ],
            [
              0.06162841671621936,
              0.7071067811865476,
              0.7044160264027588,
              -0.3426776695296637
            ],
            [
              0.06162841671621935,
              -0.7071067811865477,
              0.7044160264027587,
              0.8176776695296637
            ],
            [
              0.0,
              0.0,
              0.0,
              1.0
            ]
          ]
        },
        {
          "index": 5,
          "position": [
            1.1407894736842106,
            -0.3426776695296637,
            0.8176776695296637
          ],
          "quaternion": [
            -0.38231920253318413,
            -0.04029905920751534,
            0.01669241687462921,
            0.9230002039112792
          ],
          "matrix": [
            [
              0.9961946980917457,
              -1.1184371692168924e-18,
              -0.08715574274765818,
              1.1407894736842106
            ],
            [
              0.06162841671621936,
              0.7071067811865476,
              0.7044160264027588,
              -0.3426776695296637
            ],
            [
              0.06162841671621935,
              -0.7071067811865477,
              0.7044160264027587,
              0.8176776695296637
            ],
            [
              0.0,
              0.0,
              0.0,
              1.0
            ]
          ]
        },
        {
          "index": 6,
          "position": [
            1.1539473684210526,
            -0.3426776695296637,
            0.8176776695296637
          ],
          "quaternion": [
            -0.38231920253318413,
            -0.04029905920751534,
            0.01669241687462921,
            0.9230002039112792
          ],
          "matrix": [
            [
              0.9961946980917457,
              -1.1184371692168924e-18,
              -0.08715574274765818,
              1.1539473684210526
            ],
            [
              0.06162841671621936,
              0.7071067811865476,
              0.7044160264027588,
              -0.3426776695296637
            ],
            [
              0.06162841671621935,
              -0.7071067811865477,
              0.7044160264027587,
              0.8176776695296637
            ],
            [
              0.0,
              0.0,
              0.0,
              1.0
            ]
          ]
        },
        {
          "index": 7,
          "position": [
            1.1671052631578946,
            -0.3426776695296637,
            0.8176776695296637
          ],
          "quaternion": [
            -0.38231920253318413,
            -0.04029905920751534,
            0.01669241687462921,
            0.9230002039112792
          ],
          "matrix": [
            [
              0.9961946980917457,
              -1.1184371692168924e-18,
              -0.08715574274765818,
              1.1671052631578946
            ],
            [
              0.06162841671621936,
              0.7071067811865476,
              0.7044160264027588,
              -0.3426776695296637
            ],
            [
              0.06162841671621935,
              -0.7071067811865477,
              0.7044160264027587,
              0.8176776695296637
            ],
            [
              0.0,
              0.0,
              0.0,
              1.0
            ]
          ]
        },
        {
          "index": 8,
          "position": [
            1.180263157894737,
            -0.3426776695296637,
            0.8176776695296637
          ],
          "quaternion": [
            -0.38231920253318413,
            -0.04029905920751534,
            0.01669241687462921,
            0.9230002039112792
          ],
          "matrix": [
            [
              0.9961946980917457,
              -1.1184371692168924e-18,
              -0.08715574274765818,
              1.180263157894737
            ],
            [
              0.06162841671621936,
              0.7071067811865476,
              0.7044160264027588,
              -0.3426776695296637
            ],
            [
              0.06162841671621935,
              -0.7071067811865477,
              0.7044160264027587,
              0.8176776695296637
            ],
            [
              0.0,
              0.0,
              0.0,
              1.0
            ]
          ]
        },
        {
          "index": 9,
          "position": [
            1.193421052631579,
            -0.3426776695296637,
            0.8176776695296637
          ],
          "quaternion": [
            -0.38231920253318413,
            -0.04029905920751534,
            0.01669241687462921,
            0.9230002039112792
          ],
          "matrix": [
            [
              0.9961946980917457,
              -1.1184371692168924e-18,
              -0.08715574274765818,
              1.193421052631579
            ],
            [
              0.06162841671621936,
              0.7071067811865476,
              0.7044160264027588,
              -0.3426776695296637
            ],
            [
              0.06162841671621935,
              -0.7071067811865477,
              0.7044160264027587,
              0.8176776695296637
            ],
            [
              0.0,
              0.0,
              0.0,
              1.0
            ]
          ]
        },
        {
          "index": 10,
          "position": [
            1.206578947368421,
            -0.3426776695296637,
            0.8176776695296637
          ],
          "quaternion": [
            -0.38231920253318413,
            -0.04029905920751534,
            0.01669241687462921,
            0.9230002039112792
          ],
          "matrix": [
            [
              0.9961946980917457,
              -1.1184371692168924e-18,
              -0.08715574274765818,
              1.206578947368421
            ],
            [
              0.06162841671621936,
              0.7071067811865476,
              0.7044160264027588,
              -0.3426776695296637
            ],
            [
              0.06162841671621935,
              -0.7071067811865477,
              0.7044160264027587,
              0.8176776695296637
            ],
            [
              0.0,
              0.0,
              0.0,
              1.0
            ]
          ]
        },
        {
          "index": 11,
          "position": [
            1.219736842105263,
            -0.3426776695296637,
            0.8176776695296637
          ],
          "quaternion": [
            -0.38231920253318413,
            -0.04029905920751534,
            0.01669241687462921,
            0.9230002039112792
          ],
          "matrix": [
            [
              0.9961946980917457,
              -1.1184371692168924e-18,
              -0.08715574274765818,
              1.219736842105263
            ],
            [
              0.06162841671621936,
              0.7071067811865476,
              0.7044160264027588,
              -0.3426776695296637
            ],
            [
              0.06162841671621935,
              -0.7071067811865477,
              0.7044160264027587,
              0.8176776695296637
            ],
            [
              0.0,
              0.0,
              0.0,
              1.0
            ]
          ]
        },
        {
          "index": 12,
          "position": [
            1.2328947368421053,
            -0.3426776695296637,
            0.8176776695296637
          ],
          "quaternion": [
            -0.38231920253318413,
            -0.04029905920751534,
            0.01669241687462921,
            0.9230002039112792
          ],
          "matrix": [
            [
              0.9961946980917457,
              -1.1184371692168924e-18,
              -0.08715574274765818,
              1.2328947368421053
            ],
            [
              0.06162841671621936,
              0.7071067811865476,
              0.7044160264027588,
              -0.3426776695296637
            ],
            [
              0.06162841671621935,
              -0.7071067811865477,
              0.7044160264027587,
              0.8176776695296637
            ],
            [
              0.0,
              0.0,
              0.0,
              1.0
            ]
          ]
        },
        {
          "index": 13,
          "position": [
            1.2460526315789473,
            -0.3426776695296637,
            0.8176776695296637
          ],
          "quaternion": [
            -0.38231920253318413,
            -0.04029905920751534,
            0.01669241687462921,
            0.9230002039112792
          ],
          "matrix": [
            [
              0.9961946980917457,
              -1.1184371692168924e-18,
              -0.08715574274765818,
              1.2460526315789473
            ],
            [
              0.06162841671621936,
              0.7071067811865476,
              0.7044160264027588,
              -0.3426776695296637
            ],
            [
              0.06162841671621935,
              -0.7071067811865477,
              0.7044160264027587,
              0.8176776695296637
            ],
            [
              0.0,
              0.0,
              0.0,
              1.0
            ]
          ]
        },
        {
          "index": 14,
          "position": [
            1.2592105263157893,
            -0.3426776695296637,
            0.8176776695296637
          ],
          "quaternion": [
            -0.38231920253318413,
            -0.04029905920751534,
            0.01669241687462921,
            0.9230002039112792
          ],
          "matrix": [
            [
              0.9961946980917457,
              -1.1184371692168924e-18,
              -0.08715574274765818,
              1.2592105263157893
            ],
            [
              0.06162841671621936,
              0.7071067811865476,
              0.7044160264027588,
              -0.3426776695296637
            ],
            [
              0.06162841671621935,
              -0.7071067811865477,
              0.7044160264027587,
              0.8176776695296637
            ],
            [
              0.0,
              0.0,
              0.0,
              1.0
            ]
          ]
        },
        {
          "index": 15,
          "position": [
            1.2723684210526316,
            -0.3426776695296637,
            0.8176776695296637
          ],
          "quaternion": [
            -0.38231920253318413,
            -0.04029905920751534,
            0.01669241687462921,
            0.9230002039112792
          ],
          "matrix": [
            [
              0.9961946980917457,
              -1.1184371692168924e-18,
              -0.08715574274765818,
              1.2723684210526316
            ],
            [
              0.06162841671621936,
              0.7071067811865476,
              0.7044160264027588,
              -0.3426776695296637
            ],
            [
              0.06162841671621935,
              -0.7071067811865477,
              0.7044160264027587,
              0.8176776695296637
            ],
            [
              0.0,
              0.0,
              0.0,
              1.0
            ]
          ]
        },
        {
          "index": 16,
          "position": [
            1.2855263157894736,
            -0.3426776695296637,
            0.8176776695296637
          ],
          "quaternion": [
            -0.38231920253318413,
            -0.04029905920751534,
            0.01669241687462921,
            0.9230002039112792
          ],
          "matrix": [
            [
              0.9961946980917457,
              -1.1184371692168924e-18,
              -0.08715574274765818,
              1.2855263157894736
            ],
            [
              0.06162841671621936,
              0.7071067811865476,
              0.7044160264027588,
              -0.3426776695296637
            ],
            [
              0.06162841671621935,
              -0.7071067811865477,
              0.7044160264027587,
              0.8176776695296637
            ],
            [
              0.0,
              0.0,
              0.0,
              1.0
            ]
          ]
        },
        {
          "index": 17,
          "position": [
            1.2986842105263157,
            -0.3426776695296637,
            0.8176776695296637
          ],
          "quaternion": [
            -0.38231920253318413,
            -0.04029905920751534,
            0.01669241687462921,
            0.9230002039112792
          ],
          "matrix": [
            [
              0.9961946980917457,
              -1.1184371692168924e-18,
              -0.08715574274765818,
              1.2986842105263157
            ],
            [
              0.06162841671621936,
              0.7071067811865476,
              0.7044160264027588,
              -0.3426776695296637
            ],
            [
              0.06162841671621935,
              -0.7071067811865477,
              0.7044160264027587,
              0.8176776695296637
            ],
            [
              0.0,
              0.0,
              0.0,
              1.0
            ]
          ]
        },
        {
          "index": 18,
          "position": [
            1.311842105263158,
            -0.3426776695296637,
            0.8176776695296637
          ],
          "quaternion": [
            -0.38231920253318413,
            -0.04029905920751534,
            0.01669241687462921,
            0.9230002039112792
          ],
          "matrix": [
            [
              0.9961946980917457,
              -1.1184371692168924e-18,
              -0.08715574274765818,
              1.311842105263158
            ],
            [
              0.06162841671621936,
              0.7071067811865476,
              0.7044160264027588,
              -0.3426776695296637
            ],
            [
              0.06162841671621935,
              -0.7071067811865477,
              0.7044160264027587,
              0.8176776695296637
            ],
            [
              0.0,
              0.0,
              0.0,
              1.0
            ]
          ]
        },
        {
          "index": 19,
          "position": [
            1.325,
            -0.3426776695296637,
            0.8176776695296637
          ],
          "quaternion": [
            -0.38231920253318413,
            -0.04029905920751534,
            0.01669241687462921,
            0.9230002039112792
          ],
          "matrix": [
            [
              0.9961946980917457,
              -1.1184371692168924e-18,
              -0.08715574274765818,
              1.325
            ],
            [
              0.06162841671621936,
              0.7071067811865476,
              0.7044160264027588,
              -0.3426776695296637
            ],
            [
              0.06162841671621935,
              -0.7071067811865477,
